1 10000.0 4.5012360849021245e-05 -1.2345748005851766e-06 5.646603832604499e-06 1000
842
1
2
682
4
588
221
7
834
9
165
11
12
432
69
15
16
17
951
19
628
21
64
944
691
25
708
703
28
29
30
31
286
33
36
35
129
37
966
935
40
41
42
994
44
412
803
398
747
49
223
366
814
865
54
459
289
57
472
524
60
464
455
463
70
654
535
879
68
14
394
629
854
584
74
456
76
77
78
79
80
712
82
83
468
423
255
87
745
130
441
388
92
120
94
95
211
714
972
99
100
101
102
607
104
485
106
107
108
109
110
783
112
529
114
201
662
827
118
119
690
121
122
123
153
125
126
127
128
342
39
613
347
133
134
138
919
940
439
139
117
141
510
143
144
145
623
147
668
149
150
151
880
298
487
270
182
157
415
65
729
161
162
967
164
453
166
167
168
169
982
428
172
448
859
348
810
267
178
179
180
896
20
755
184
185
213
314
508
189
190
191
56
602
194
816
470
387
105
199
200
679
96
203
204
205
176
207
790
209
210
202
212
186
214
215
216
830
218
671
542
6
222
50
235
685
73
227
228
229
230
341
618
233
234
224
0
335
321
239
325
784
265
93
208
245
246
247
911
249
514
251
252
482
254
904
177
675
844
259
260
989
23
756
264
160
884
713
734
137
155
674
272
273
274
427
362
527
278
793
280
405
283
520
284
856
32
287
288
243
563
390
292
978
66
641
296
616
498
583
300
301
571
303
90
305
306
307
976
446
310
835
312
313
910
315
316
678
318
361
320
238
322
720
111
952
964
354
402
329
642
823
573
758
334
809
336
337
437
339
195
447
217
72
664
909
346
774
748
349
858
554
173
294
327
385
988
357
949
905
360
319
519
768
364
945
51
367
368
369
163
371
372
373
374
929
376
377
906
379
380
711
614
817
384
997
383
786
268
722
626
340
392
393
598
901
562
324
47
399
400
401
517
71
91
959
406
407
813
861
445
411
45
413
414
461
604
973
261
419
847
421
789
85
295
715
426
275
333
539
282
534
467
276
434
237
610
253
438
450
903
59
442
837
444
197
454
808
661
449
728
451
513
969
422
370
75
3
771
965
460
686
923
531
225
465
466
638
579
862
991
424
955
331
474
350
549
477
478
479
480
897
599
258
658
912
494
759
323
232
490
343
492
518
302
495
831
497
24
499
196
501
488
503
820
805
506
652
188
822
939
511
512
555
250
515
516
328
98
741
10
521
311
43
781
140
378
277
528
855
639
330
532
533
796
802
536
537
873
429
540
726
220
543
544
545
867
739
548
236
326
551
552
553
351
198
556
557
473
559
560
900
818
993
564
669
651
567
279
386
135
500
572
637
574
575
576
577
578
643
580
608
582
299
38
585
491
650
525
589
590
591
592
593
801
595
692
617
22
338
839
601
565
603
416
605
606
103
154
968
749
611
581
248
382
622
297
146
489
852
620
619
635
476
624
625
291
627
262
131
630
631
558
870
634
667
636
332
493
530
640
471
779
971
62
240
615
395
648
649
693
750
396
653
358
655
848
657
484
821
660
171
116
663
433
706
666
857
148
193
670
397
727
673
271
410
256
677
345
458
680
681
431
683
684
913
486
52
688
689
872
290
596
696
694
695
587
697
181
570
700
701
702
806
877
436
569
707
766
709
804
825
871
309
97
915
716
717
718
719
659
721
389
723
724
725
541
672
304
440
730
731
866
733
947
920
736
737
705
547
740
899
999
773
744
242
746
963
175
113
922
751
170
874
882
183
943
931
469
954
798
761
762
763
764
765
833
767
363
769
770
115
772
743
894
974
776
777
778
84
523
644
782
226
241
502
953
344
788
780
244
791
34
568
794
795
457
797
760
799
800
889
353
46
990
505
483
807
219
156
206
742
812
926
787
815
5
621
507
819
792
430
509
632
359
381
826
263
956
829
475
496
832
957
8
409
836
443
838
600
840
841
257
843
566
845
846
752
18
849
850
851
665
853
586
738
132
89
63
174
860
522
828
863
864
53
732
546
868
927
633
81
418
704
753
875
352
538
878
597
924
881
285
883
266
124
886
887
888
594
890
891
88
893
676
754
898
481
698
892
550
647
869
391
86
27
687
907
908
699
187
916
452
646
914
425
930
408
918
895
735
921
824
269
917
925
152
902
928
885
403
757
932
933
934
375
936
937
938
612
462
941
942
979
435
365
946
26
948
159
950
656
645
61
142
58
136
404
958
317
960
961
962
785
420
55
504
526
609
983
970
281
13
417
775
975
293
977
308
985
355
981
561
48
984
231
986
987
356
876
710
67
992
158
811
192
996
980
998
995
