1 10000.0 4.5012360849021245e-05 -1.2345748005851766e-06 5.646603832604499e-06 2000
0
1
2
1005
4
5
6
7
79
1896
10
11
12
13
14
15
16
17
1016
592
20
21
22
23
24
25
26
27
28
29
30
31
32
748
34
525
36
37
1685
793
40
41
42
345
44
45
46
47
48
49
50
51
52
1022
54
55
56
57
58
59
60
61
62
63
1056
65
66
67
68
69
800
71
72
73
74
1513
76
105
78
8
581
81
82
83
84
1426
86
1300
88
89
90
91
92
93
94
95
1799
1744
98
99
100
101
102
103
104
77
106
614
108
109
110
320
112
113
114
115
116
117
944
926
120
616
122
123
1332
125
126
127
128
129
130
131
132
717
134
135
136
768
138
139
140
141
142
143
144
145
146
1282
148
149
150
1927
152
153
215
155
156
157
158
159
160
161
162
163
164
165
166
167
168
943
170
636
574
173
174
175
176
1192
178
179
180
181
182
183
184
185
186
187
188
189
190
1756
192
193
194
195
196
197
198
199
200
201
1883
203
204
205
206
207
208
209
210
211
212
213
214
154
216
217
218
219
220
221
222
223
224
225
226
227
228
1596
230
231
365
233
234
235
236
237
238
239
1115
1706
820
243
244
245
246
247
248
249
737
1207
252
253
254
255
256
257
258
259
260
1040
899
263
1860
265
266
267
268
269
270
271
272
273
274
275
276
277
1281
356
1406
580
282
1142
284
285
286
287
288
289
290
291
292
293
294
295
1372
297
1668
299
300
1180
302
457
304
305
306
307
610
309
310
311
312
313
337
315
316
317
318
976
1648
321
322
323
324
325
773
327
328
416
330
331
332
333
334
335
336
314
338
339
340
341
342
713
344
349
346
1391
348
1301
1051
351
1881
1335
1245
1307
279
357
358
359
1848
361
362
363
364
847
366
367
368
369
1441
371
372
373
374
375
376
1908
378
379
542
445
382
383
384
385
386
387
469
389
390
490
392
1392
394
395
1072
397
398
399
400
401
792
403
404
405
406
407
408
409
1275
411
412
413
414
415
329
1204
782
419
420
421
422
423
424
425
426
427
1598
429
430
431
432
433
434
785
436
437
438
690
440
540
442
443
444
381
446
447
448
1357
450
1402
1763
1248
1993
455
456
303
458
459
460
461
974
463
464
1174
466
467
468
388
470
471
472
473
474
1887
1849
477
1563
479
480
481
482
483
484
485
486
551
488
489
1722
1011
492
493
1611
495
496
497
498
499
1676
501
1525
503
504
505
506
507
508
509
510
1873
512
513
514
515
675
517
518
519
520
521
522
523
524
35
526
1842
1659
529
530
531
532
533
534
535
536
537
538
747
441
728
380
689
544
545
1362
547
548
549
550
487
552
553
554
555
556
278
558
1289
560
700
562
563
564
829
566
567
568
569
677
571
572
970
1918
575
1581
577
578
579
1157
80
582
583
584
585
586
1291
1252
589
590
591
19
593
1364
595
596
597
598
599
600
875
1122
603
604
605
1944
607
608
609
308
611
612
1674
107
615
121
617
618
619
620
1443
1233
623
624
956
1191
627
628
629
630
631
632
1292
634
635
171
637
638
639
640
801
642
137
644
645
646
647
1375
649
650
651
652
653
654
655
656
657
900
659
660
661
1673
663
664
665
666
667
668
669
1600
671
672
673
1699
3
676
570
678
1140
410
1218
682
683
684
685
708
687
688
543
439
691
692
693
694
695
696
697
698
699
561
701
702
703
704
705
706
707
452
709
710
711
712
1788
1400
715
716
133
1733
719
720
721
722
43
724
725
726
727
1258
500
1073
731
732
733
965
735
736
250
738
1937
1422
741
742
743
744
745
746
435
33
749
750
751
752
824
754
755
756
1436
758
759
760
761
762
763
764
765
1682
767
643
769
770
771
1107
326
774
1161
776
777
778
779
1501
781
418
783
1083
921
786
787
788
789
1020
791
402
39
794
795
796
797
798
799
70
1713
802
803
804
805
1384
807
808
809
852
1488
740
1785
1772
815
816
817
818
819
242
821
1991
823
753
825
826
827
828
565
830
831
832
833
834
835
836
837
1885
839
840
841
842
843
844
845
846
1430
848
849
850
851
1365
853
854
1777
856
857
858
859
860
861
862
863
864
865
866
867
1906
1870
870
871
872
873
874
601
876
877
878
879
880
881
882
883
907
885
886
887
888
889
890
1154
892
893
894
895
896
897
898
594
85
901
902
903
904
1532
906
884
908
909
910
911
912
913
914
915
916
1583
918
919
920
539
922
923
1717
1723
1548
927
928
929
1895
931
932
933
934
935
936
937
938
939
940
941
942
169
118
945
946
947
948
949
950
951
1143
953
954
1971
625
957
1251
959
960
961
962
963
1904
1803
966
541
968
969
1965
971
972
973
462
975
319
977
1910
1617
980
981
982
983
984
985
986
987
988
989
990
991
992
993
994
1028
996
997
998
999
1000
1001
1002
1003
1004
528
1006
1179
1760
1009
1010
1771
679
1013
1014
1015
396
1017
1018
1019
790
1021
53
1810
1024
1025
1026
1027
995
1029
1030
494
1032
1033
1034
1035
1036
1037
1038
1039
261
1041
1042
1043
1912
1045
838
1047
588
1049
1050
1381
1052
1997
1054
1956
64
1057
1058
1059
1060
1061
1062
1063
1064
1065
1066
1067
1068
1069
1070
1071
18
730
1074
1075
1901
1590
1078
1079
1080
1081
1082
784
1084
1085
1234
1087
1088
1089
1090
1091
1850
1093
1094
1095
1096
1097
1098
1099
1100
1101
1102
1103
1104
1105
1106
772
1108
1109
1110
1111
1112
1113
1266
955
1116
1117
1118
1119
1890
1121
602
1950
1149
1125
1126
1127
1128
1389
1130
1131
1132
1133
172
1135
1136
1137
1138
1139
1012
806
283
952
1144
1145
1146
1500
1148
1124
1150
1151
1152
1153
891
1312
1156
281
1158
1159
1160
775
1162
1163
1164
1165
1166
1167
1168
1169
1170
1555
1172
1173
465
1175
491
1177
930
1994
301
1181
1182
1183
1184
1185
1186
1187
1188
1876
1190
626
177
1193
1747
1195
1196
1718
1198
1199
1200
1201
1202
1741
417
1205
1206
251
1208
1209
1210
1211
1212
1213
1214
1215
1216
1217
681
1219
1220
1836
1222
1841
1224
1225
511
1227
1549
1757
1929
1231
1232
622
1086
1235
1236
1237
1238
1239
1240
1241
905
1243
1244
354
1246
1247
453
1249
1250
958
1977
1253
1254
1255
811
1257
1472
1259
1260
1261
202
1263
1230
1265
1114
1703
1926
1487
1270
1271
1272
1273
1911
680
1817
1277
1278
1518
1280
1379
147
1283
1284
1285
1286
1287
1288
1417
1290
587
633
1293
1294
686
1296
1297
1298
1299
87
723
1302
1303
1304
1305
1306
355
1308
1309
1310
1680
1155
1313
1314
1315
1316
1317
1318
1319
1320
1321
1322
1323
1324
1325
1326
1327
1328
1329
1330
1331
1048
1333
1334
1467
1336
1337
1338
1339
1340
1341
1342
1343
353
1345
1346
1347
1348
1349
1453
1351
1352
1353
1354
1355
1356
449
1358
559
1360
1361
546
1363
262
810
1366
1367
1368
1369
1370
1371
296
1373
1374
648
1376
1377
1378
1639
1380
350
1938
1383
1141
1385
1386
1387
1388
1129
1390
347
393
1393
1394
1395
1396
1397
1541
1575
714
1401
451
1403
1404
1405
280
1407
1408
1409
1410
1411
1412
1413
1414
1415
1416
1359
1418
1419
1420
1421
812
1423
1424
1486
1456
1427
1428
1429
967
1431
1432
1433
1434
1435
1689
1437
1891
1439
1967
370
1442
621
1444
1936
1223
1447
1448
1449
1450
1451
1452
1350
1454
1738
658
1457
1458
1459
1460
1461
1462
1463
1464
1642
1466
1344
1468
1469
1470
1471
428
1473
1474
1475
1476
1477
1478
1479
1480
1481
1482
1483
1484
1485
1425
1269
1256
1489
352
1614
1492
1493
1494
1495
1496
1497
1498
1499
1147
780
1502
1886
1504
1505
1506
1507
1508
1509
1868
1511
1512
75
1514
1515
1609
1517
1279
1519
1520
1521
1522
1523
1524
502
1526
1724
1528
97
1530
1531
1242
1533
1534
1982
1536
1537
1538
1539
1540
1398
1542
1792
1544
1545
1546
1547
119
1228
1550
1551
1552
1553
1554
1171
1556
1557
1558
1559
1560
1561
1562
478
1564
1565
1566
1567
1568
1440
1570
1571
1572
1573
1574
1399
1576
1577
1578
1579
1580
124
1582
917
1584
1585
1586
1587
1588
1589
1077
1618
1592
1593
1594
516
229
1597
1863
1599
670
1601
1800
1603
1604
1605
1606
1607
1608
1516
1610
1031
1612
1613
1491
1615
1616
979
1591
1619
1620
1621
1622
1623
1624
1625
1626
1627
1628
1629
1630
1631
1632
1686
1634
1635
1636
1637
1638
1862
1640
1641
1465
1643
1644
1645
1646
1647
111
1649
1650
1651
1652
1653
1663
1655
1656
1657
1658
1595
1660
1661
1662
1654
1664
1665
1666
1667
298
1669
1670
1671
1672
662
613
1675
729
1677
1678
1679
1311
1681
766
1683
1684
38
1633
1687
1688
757
1690
1691
1692
1693
1694
1695
1696
1697
1698
674
1700
1701
1702
1267
1704
1705
241
1707
1708
1709
1710
1711
1712
641
1714
1715
1716
924
1197
1719
1720
1721
391
925
1527
1725
1726
1727
1728
1729
1730
1731
1732
718
1734
1735
1736
1737
1455
1739
1740
1203
1742
1743
1529
1745
1746
1194
1748
1749
1750
1751
1752
1753
1822
1755
191
1229
1758
1759
1008
1761
1762
1295
1764
1765
1766
1767
1768
1769
1770
1176
814
1773
1774
1775
1776
855
1778
1779
1780
1781
1782
1783
1784
813
1786
1787
343
1789
1790
1791
1543
1793
1897
1795
1796
1797
1798
96
1602
1801
1802
734
1804
1805
1806
1807
1808
1809
1023
1811
1812
1813
1814
1815
1816
1276
1818
1819
1820
1821
1754
1823
1824
1825
1826
1827
1828
1829
1830
1831
1832
1833
1834
1835
1221
1837
1838
1839
1840
1446
527
1843
1844
1845
1846
1847
476
360
1092
1851
1852
1853
1854
1855
1856
1857
1858
1859
264
1861
557
232
1864
1865
1866
1867
1510
1869
869
1871
1872
1226
1874
1875
1189
1877
1878
1879
1880
1490
1882
1262
1884
1046
1503
475
1888
1889
1120
1438
1892
1893
1894
1178
9
1794
1898
1899
1900
1076
1902
1903
964
1905
868
1907
377
1909
978
1274
1044
1913
1914
1915
1916
1917
1134
1919
1920
1921
1922
1923
1924
1925
1268
151
1928
1264
1930
1931
1932
1933
1934
1935
1445
739
1382
1939
1940
1941
1942
1943
606
1945
1946
1947
1948
1949
1123
1951
1952
1953
1954
1955
1055
1957
1958
1959
1960
1961
1962
1963
1964
573
1966
1569
1968
1969
1970
240
1972
1973
1974
1975
1976
576
1978
1979
1980
1981
1535
1983
1984
1985
1986
1987
1988
1989
1990
822
1992
454
1007
1995
1996
1053
1998
1999
