1 10000.0 4.5012360849021245e-05 -1.2345748005851766e-06 5.646603832604499e-06 1000
842
1
2
682
4
391
221
7
8
9
502
11
12
432
14
15
16
17
18
19
628
21
22
23
290
25
708
703
28
29
30
31
32
33
34
35
129
37
38
39
40
41
42
994
44
412
803
47
747
49
50
366
814
865
54
459
93
57
472
524
60
685
62
463
70
654
294
879
68
69
64
629
854
226
74
75
76
77
78
79
80
81
82
83
579
423
255
87
741
130
455
388
92
690
94
95
211
97
972
99
100
101
102
607
104
485
106
107
108
109
110
111
112
529
114
201
116
827
118
119
120
121
122
123
153
125
126
127
128
504
935
613
347
133
134
135
136
940
570
139
117
141
510
143
144
145
623
147
668
149
150
151
152
298
487
270
156
157
415
358
160
161
162
967
164
453
166
167
168
169
982
171
172
428
174
175
810
742
178
179
180
896
20
183
184
185
213
910
508
189
190
191
676
602
194
195
196
197
105
199
200
458
96
203
204
205
176
207
208
209
210
787
212
186
214
215
216
217
218
671
220
6
222
223
235
225
73
227
228
229
230
447
618
233
234
224
549
237
321
239
325
784
242
243
790
245
246
247
248
249
250
251
252
437
254
904
177
675
844
259
260
989
944
979
264
265
884
267
734
269
155
674
272
273
274
427
362
277
278
279
280
281
282
323
284
856
286
287
288
289
67
626
292
978
66
424
296
297
597
583
300
301
571
303
90
305
306
307
976
454
310
835
312
313
314
315
316
84
318
361
320
238
322
659
324
952
964
327
402
329
330
823
637
333
334
809
336
337
338
339
340
341
342
72
344
439
346
132
748
349
858
351
352
353
354
997
356
357
949
359
360
319
519
363
364
945
51
367
368
369
370
371
372
373
374
929
376
377
526
379
380
711
614
383
384
385
621
953
268
722
390
5
392
393
598
901
562
783
398
399
400
401
328
930
91
959
406
407
813
861
445
411
45
413
414
461
604
973
876
419
847
421
789
85
295
715
426
275
758
539
430
534
13
433
434
335
610
253
438
450
906
441
442
443
444
387
446
808
661
449
304
451
452
983
422
345
456
796
771
965
460
993
137
63
464
465
466
638
468
754
991
471
58
632
474
350
0
477
478
479
480
481
599
258
658
555
494
142
10
232
490
491
492
98
302
495
831
497
498
499
500
501
488
503
820
805
506
652
188
822
939
511
512
912
514
515
516
517
518
745
520
521
311
523
644
525
378
527
528
855
530
531
532
533
3
535
536
537
873
429
540
541
542
543
544
545
867
739
548
236
170
551
552
553
554
198
556
557
473
559
560
561
396
486
564
565
566
567
568
852
138
470
572
573
574
575
576
577
578
405
580
608
582
299
584
585
343
650
588
589
590
591
592
593
594
595
692
617
394
482
600
601
669
603
416
605
606
103
154
968
749
611
581
916
382
622
616
476
489
619
620
386
635
146
624
625
291
627
435
131
630
631
558
633
634
667
636
332
467
639
640
641
779
643
59
240
646
647
648
649
693
750
818
653
65
655
656
657
484
821
660
448
662
663
202
665
666
857
148
193
670
397
672
673
271
410
256
677
903
679
680
681
431
683
684
615
686
687
688
689
872
691
596
696
694
695
587
697
181
909
700
701
702
806
704
705
706
707
766
709
804
381
871
713
714
915
716
717
718
719
720
721
389
723
724
725
726
727
728
729
730
731
866
733
947
920
736
737
113
547
740
899
999
773
744
52
746
48
348
436
922
751
326
753
285
755
756
757
469
759
798
761
762
763
764
765
833
767
768
769
770
115
772
743
894
775
776
777
778
263
309
781
782
830
241
785
786
664
788
780
244
791
792
793
794
795
457
797
760
799
800
801
802
46
990
505
483
807
219
182
206
43
812
880
276
815
816
817
507
819
36
283
509
331
651
825
826
140
828
829
475
496
832
957
834
409
836
837
838
839
840
841
257
843
905
845
846
752
848
849
850
851
569
853
586
738
774
375
642
859
860
522
956
863
864
53
732
546
868
869
870
712
418
877
874
875
173
538
878
24
924
881
882
883
266
124
886
887
888
889
890
891
88
893
56
895
698
897
898
892
900
395
927
678
86
27
440
907
908
699
187
911
513
913
914
425
71
408
918
862
735
921
824
923
917
925
926
902
928
885
403
931
932
933
934
89
936
937
938
612
462
941
942
943
262
365
946
26
948
159
950
951
645
61
954
955
919
404
958
317
960
961
962
963
420
55
966
163
609
969
970
971
493
417
974
975
293
977
308
985
355
981
550
165
984
231
986
987
988
261
710
563
992
158
811
192
996
980
998
995
