1 10000.0 4.5012360849021245e-05 -1.2345748005851766e-06 5.646603832604499e-06 1000
0
1
2
534
4
391
6
7
8
9
502
11
12
13
14
15
16
17
18
19
809
21
22
23
290
25
26
27
28
29
30
31
32
33
34
35
36
37
38
39
40
41
42
43
44
45
46
47
747
49
50
51
276
865
54
55
93
57
472
59
60
61
62
63
64
65
294
67
68
69
70
613
72
73
74
75
76
77
78
79
80
81
82
83
84
85
86
87
741
89
450
388
92
876
94
95
211
97
972
99
100
101
102
103
104
105
106
107
108
109
110
111
112
113
114
201
116
117
118
119
120
121
122
123
124
125
126
127
128
129
935
131
347
133
134
135
136
137
138
139
140
141
142
143
144
145
146
147
668
149
150
151
152
675
510
155
156
157
415
159
160
161
162
967
164
453
166
167
168
169
170
171
172
173
174
175
176
177
178
179
180
181
182
183
184
185
186
910
188
189
190
191
192
193
194
195
196
197
485
199
200
115
202
203
204
205
206
207
208
209
210
96
212
213
214
215
216
217
218
231
220
221
222
223
224
225
226
227
228
229
230
808
489
233
234
235
236
237
238
239
240
784
242
243
244
245
246
247
248
249
250
251
252
253
254
255
256
842
258
259
260
261
944
263
264
265
884
267
734
269
270
674
272
273
274
275
519
277
278
279
280
281
282
283
284
856
286
287
288
289
24
626
292
293
66
295
296
297
298
583
300
301
302
303
304
305
306
307
976
309
310
311
312
313
314
315
316
317
318
319
320
321
322
323
324
325
326
327
402
329
330
331
332
333
334
628
336
337
338
339
340
341
342
343
344
345
346
132
348
349
350
351
352
353
354
355
356
357
358
359
360
361
362
363
364
945
366
367
368
369
370
371
372
373
374
857
376
377
378
379
380
711
382
383
384
385
386
387
91
722
390
5
392
393
394
901
396
671
398
399
400
401
328
403
404
405
406
407
408
409
410
411
412
413
414
158
416
973
418
419
847
421
422
423
424
425
426
427
428
429
430
682
432
433
434
335
610
437
438
439
440
441
442
443
444
445
446
447
448
449
90
451
452
165
454
455
456
796
458
459
460
993
940
463
464
465
466
638
468
469
494
471
58
632
474
642
476
477
478
479
480
481
482
483
658
198
486
487
10
232
490
491
492
493
571
495
831
497
498
499
500
501
488
503
504
805
506
818
508
509
939
511
512
513
514
515
516
517
518
52
520
521
522
523
644
525
526
527
528
529
530
531
532
533
3
535
536
537
877
539
540
541
542
543
544
545
546
547
548
549
550
551
552
553
554
555
556
557
558
559
560
561
562
991
564
565
566
567
568
569
570
470
572
573
574
575
576
577
578
579
580
581
582
299
584
585
854
650
588
589
590
591
592
593
594
595
692
597
598
599
600
601
602
603
604
605
606
607
154
968
436
611
608
916
614
615
616
617
618
619
620
621
953
623
624
625
291
627
435
629
630
631
473
633
634
929
636
637
467
639
640
641
779
643
524
645
646
647
648
649
587
750
652
653
654
655
656
657
484
821
660
661
662
663
664
665
666
667
148
669
670
397
672
673
271
635
676
677
903
679
680
681
431
683
684
685
686
687
688
689
690
691
596
696
694
695
693
697
698
699
700
701
702
703
704
705
706
707
708
709
710
381
712
713
714
715
716
717
718
719
720
721
389
723
724
725
726
727
728
729
730
731
732
733
947
735
736
737
738
739
740
899
742
743
744
745
746
48
748
749
824
751
752
753
285
755
756
757
754
759
760
761
762
763
764
765
766
767
768
769
770
771
772
773
774
775
776
777
778
475
780
781
782
783
241
785
786
787
788
789
790
791
792
793
794
795
457
797
798
799
800
801
802
803
804
505
806
807
219
20
810
994
812
813
814
815
816
817
507
819
820
659
822
823
651
825
826
827
828
829
830
496
832
268
834
835
836
837
838
839
840
841
257
843
905
845
846
420
848
849
850
851
852
853
586
855
758
375
858
859
860
861
862
863
864
53
866
867
868
869
870
871
872
873
874
875
56
538
878
879
880
881
882
883
266
885
886
887
888
889
890
891
88
893
894
895
896
897
898
892
900
395
902
678
904
844
906
907
908
909
187
911
912
913
914
915
71
917
918
956
920
921
922
923
924
925
926
927
928
153
930
931
932
933
934
130
936
937
938
612
462
941
942
943
262
365
946
833
948
949
950
951
952
622
954
955
919
957
958
959
960
961
962
963
964
965
966
163
609
969
970
971
98
417
974
975
978
977
308
979
997
981
982
983
984
985
986
987
988
989
990
563
992
461
811
995
996
980
998
999
