1 10000.0 4.5012360849021245e-05 -1.2345748005851766e-06 5.646603832604499e-06 2000
0
1835
2
3
4
5
1136
7
79
1896
10
11
12
13
14
15
16
17
1016
592
104
21
22
23
24
25
26
1069
28
29
30
1079
32
1126
190
525
188
37
1685
793
40
41
42
345
44
45
46
47
48
49
177
51
52
1022
54
1676
56
57
58
59
60
61
62
63
1056
1719
66
67
68
69
800
71
72
73
1959
1513
1573
105
78
8
581
81
1528
83
84
1426
86
1300
706
89
90
91
1810
1608
283
95
1799
1744
98
499
100
101
1068
103
20
77
106
998
108
109
110
320
1373
113
114
115
116
889
944
462
1139
616
122
412
1332
125
126
127
453
129
130
131
132
717
134
135
1868
768
1181
139
1090
141
142
143
548
145
519
1282
148
1577
150
1927
152
153
215
155
1894
157
384
159
160
161
162
163
164
165
166
167
168
541
170
636
574
173
174
175
176
1192
178
179
898
181
182
183
184
185
186
553
36
189
638
1756
192
193
261
195
196
197
198
199
200
201
1883
203
204
205
206
207
208
209
210
1113
212
213
214
154
216
217
218
219
220
221
222
675
224
225
1431
227
228
1596
230
231
365
233
234
1196
236
1128
238
239
1115
1706
820
243
244
245
246
247
248
249
1385
1207
82
1214
254
255
256
257
258
259
260
586
899
515
1860
265
266
267
1383
269
270
271
272
273
274
275
276
277
866
356
1406
580
282
1712
284
285
286
287
288
289
290
291
1304
293
294
295
1372
297
1470
299
300
1180
302
457
1797
305
306
307
610
309
310
311
312
313
1872
315
316
317
318
976
1648
321
322
323
324
540
298
327
328
416
330
331
1456
1472
334
496
336
314
158
339
340
341
342
713
344
349
979
1391
348
1301
1051
351
1881
1344
1484
1307
279
357
358
359
1848
361
362
363
364
847
366
367
368
369
1441
371
372
373
374
375
971
1908
615
379
542
445
665
383
338
385
386
387
469
772
146
490
392
1392
394
395
1072
397
398
399
400
401
1023
403
404
405
406
407
408
409
1275
411
123
413
414
415
329
1204
782
419
420
421
422
423
424
425
1515
427
1598
429
430
431
432
433
434
669
436
437
438
690
440
325
442
556
444
381
446
447
448
1357
450
1402
1763
1248
1993
455
1663
303
458
1106
460
461
974
463
464
1174
466
467
468
1774
470
471
472
473
474
1887
1849
477
1563
479
480
481
482
483
484
485
486
551
488
1961
1722
1011
492
493
1611
495
1736
497
498
99
55
501
1525
503
504
505
506
507
508
509
1260
1358
512
513
514
263
1553
517
518
390
520
521
522
523
524
35
526
1842
1659
529
530
531
532
1156
534
535
536
537
538
747
441
728
380
689
544
545
1362
547
144
549
550
393
552
187
554
555
774
278
1737
1289
560
700
343
563
1029
829
566
567
568
851
677
571
572
970
1918
575
1581
761
578
579
1157
80
582
583
584
585
1040
1291
1252
589
1341
591
19
593
1364
595
596
897
598
599
1726
875
1122
603
1032
605
1944
607
608
609
308
611
612
1674
107
378
121
617
671
619
620
1443
1233
623
624
956
1191
627
628
629
630
631
1421
1292
634
635
171
31
34
1295
640
801
642
137
644
1694
646
647
1946
649
650
844
652
653
654
655
656
657
969
659
660
661
1673
718
664
920
666
1979
668
785
1600
1758
672
673
1699
1555
676
1218
678
907
410
570
682
683
1078
685
708
687
688
543
439
691
692
693
694
695
696
697
698
699
561
701
702
703
1716
705
88
707
452
1524
710
711
712
1788
1400
715
716
133
1733
1625
887
721
722
43
724
725
726
727
1258
500
1445
731
732
733
965
735
736
250
738
1937
1422
741
742
743
744
745
746
435
33
749
750
751
752
824
754
755
756
1436
758
759
760
577
762
763
764
765
1682
767
360
769
1227
771
1107
1283
443
1161
776
777
778
779
1501
1178
418
783
1083
921
786
787
788
789
1020
791
1605
39
794
795
796
797
798
799
70
1713
802
803
1661
805
1384
807
808
242
852
1488
740
1785
1772
815
816
817
818
819
809
821
1991
823
753
825
826
827
828
565
830
831
832
833
834
835
836
558
1885
839
840
841
842
843
651
845
882
1430
848
849
720
569
1365
853
854
1777
856
857
858
859
860
861
862
863
1095
865
1281
867
1906
1870
870
871
872
873
874
601
876
1529
1147
879
880
881
846
883
919
885
886
850
888
117
890
1154
892
893
894
895
896
597
1869
594
85
901
902
903
904
1532
906
884
908
909
910
911
912
913
914
915
916
1583
986
1140
382
539
922
923
1717
1371
1548
927
928
929
1895
931
932
933
1027
935
936
937
938
939
940
941
942
169
1393
945
946
947
621
949
950
951
1143
953
954
1971
625
957
1251
959
960
961
962
963
1904
1803
966
587
968
1752
1965
376
972
124
926
975
6
614
1910
1617
781
981
982
983
984
985
546
1066
988
989
990
1000
992
993
994
1028
996
997
1320
999
991
1001
1002
1882
1004
528
1006
1427
1760
1009
1010
1771
679
1013
1014
1015
396
1017
1025
1019
790
1021
53
92
1024
1018
1026
934
995
564
987
494
604
1033
1034
1035
1036
1639
1038
1039
194
1041
1042
1043
1912
1857
838
1047
588
1510
1050
1381
1184
1997
1054
1059
64
1216
1058
1956
1060
1061
1062
1063
1064
319
1030
1067
102
27
1070
1071
18
730
1074
1075
1901
1590
684
637
1080
1081
1082
784
1084
1657
1234
1087
1088
1089
140
1091
1850
1612
1094
864
1096
1097
1724
1099
1439
1101
1757
1103
1104
1105
459
389
1108
1109
1110
1111
1125
211
1266
955
1116
1117
1118
1459
1890
1121
602
1950
1316
1112
748
1127
237
1389
1130
1131
1132
1133
172
1135
1065
1137
1138
120
1012
806
94
952
1144
1145
1146
1500
1148
1124
1150
1151
1152
1153
891
1312
533
281
1158
1159
1160
775
1162
1163
1691
1165
1166
1167
1168
1169
1170
1005
1172
1173
465
1175
491
1177
930
1994
301
138
1182
1183
1052
1185
1186
1187
1188
1876
1190
626
50
1193
1747
1195
235
1718
1198
1199
1200
1201
1202
1741
417
1205
1206
251
1208
1209
1210
1211
1493
1213
253
1215
1057
1217
681
1804
1220
1836
1222
1841
1224
1225
511
1916
1549
1102
1929
1231
1232
622
1086
663
1236
1237
1238
1239
335
1241
905
1243
1244
354
1246
1247
128
1249
1250
958
1977
1253
1254
1255
811
1257
333
1259
510
1261
202
1263
1230
1265
1114
1703
1926
1487
1270
1271
1272
1273
1911
680
1817
1277
1278
1518
1280
1379
147
326
1284
1285
1286
1287
1288
1417
1290
943
633
1293
877
686
1296
1481
1781
1299
87
723
1302
1276
292
1305
1306
355
1308
1309
1310
1680
1155
1313
1314
476
1714
1317
1318
1319
977
1321
1322
1323
1324
1325
1326
1327
1328
1329
1330
1331
1048
1626
1334
1467
1336
1337
1338
1339
1340
590
1342
1343
353
1345
1346
1347
1348
1349
1453
1351
1352
1514
1354
1355
1356
449
1873
559
1360
1867
918
1363
262
810
1366
1367
1368
1369
1370
1723
296
112
1374
648
1376
1377
1378
475
1844
350
1938
268
1141
737
1386
1387
1388
1129
1390
347
487
118
1394
1395
1396
1397
1541
1575
714
1401
451
1403
1404
1405
280
426
1408
1409
1410
1411
1412
1413
1414
1540
1416
1359
1418
1419
1420
632
812
1423
1424
1486
332
1179
1428
1429
967
226
1432
1433
1749
1435
1689
1437
1891
1100
1892
370
1442
948
1444
1936
1223
1447
1448
1449
1450
1451
1452
1629
1454
1738
658
1787
1458
1119
1460
1461
1462
1463
1464
1642
1434
1335
1468
1469
1668
1471
428
1473
1474
1475
1476
1477
1478
1479
1480
1297
1482
1483
1245
1485
1425
1269
1256
1489
1819
1614
1492
1212
1494
1495
1496
1877
1498
1499
878
780
1502
1886
1504
1505
1506
1507
1508
1509
136
1511
1512
75
1963
1407
1609
1517
1279
1519
1520
1521
1522
1523
709
502
1526
1098
252
97
1530
1531
1242
1533
1534
1982
1536
1537
1538
1539
1415
1398
1793
1792
1544
1545
1546
1547
119
1228
1550
1551
1552
223
1554
1171
1556
1557
1558
1559
1264
1561
1562
478
1564
1565
1566
1567
1568
1440
1570
1571
1572
1825
1574
1399
1576
149
1578
1579
1580
973
1582
917
1584
1585
1586
1587
1588
1589
1077
1618
1592
719
1594
516
229
1597
1863
1599
670
1601
1800
1603
1604
402
1606
1607
93
1516
1610
1031
1093
1613
1491
1615
1616
346
1591
1619
1620
1621
1622
1623
1624
1593
1333
1627
1628
1350
1630
1631
1632
1686
1634
1142
1636
1637
1638
1862
1640
1641
1465
1643
1644
1645
1646
1647
111
1649
1650
1651
1652
1653
1569
1655
1656
1085
1658
1595
1660
804
1662
1654
1664
1665
1240
1667
773
1669
1670
1671
1672
662
613
1675
729
1677
1678
1679
1311
1681
766
1683
1684
38
1633
1687
1688
757
1690
1164
1692
1693
645
1695
1696
1697
1698
674
1700
1701
1702
1267
1704
1705
241
1707
1708
1709
1710
1711
1635
641
1149
1715
704
924
1197
65
1720
1721
391
925
1527
1725
600
1727
1728
1729
1730
1731
1732
1235
1734
1735
1666
837
1455
1739
1740
1203
1742
1743
1294
1745
1746
1194
1748
1466
1750
1751
900
1753
1822
1755
191
1229
618
1759
1008
1761
1762
639
1764
1765
1766
1767
1768
1769
1770
1176
814
1773
388
1775
1776
855
1778
1779
1780
1298
1782
1783
1784
813
1786
1457
562
1789
1790
1791
1543
1542
1897
1795
1796
304
1798
96
1602
1801
1802
734
1219
1805
1806
1807
1808
1809
792
1811
1812
1813
1814
1815
1816
1303
1818
352
1820
1821
1754
1823
1824
76
1826
1827
1828
1829
1830
1831
1832
1833
1834
1
1221
1837
1838
1839
1840
1446
527
1843
1380
1845
1846
1847
1315
643
1092
1851
1852
1853
1854
1855
1856
1045
1858
1859
264
1861
557
232
1864
1865
1866
1361
1049
180
869
1871
337
1226
1874
1875
1189
1497
1878
1879
1880
1490
1003
1262
1884
1046
1503
1037
1888
1889
1120
1438
1967
1893
156
980
9
1794
1898
1899
1900
1076
1902
1903
964
1905
868
1907
377
1909
978
1274
1044
1913
1914
1915
770
1917
1134
1919
1920
1921
1922
1923
1924
1925
1268
151
1928
1560
1930
1931
1932
1933
1934
1935
1073
739
1382
1939
1940
1941
1942
1943
606
1945
1375
1947
1948
1949
1123
1951
1952
1953
1954
1955
1055
1957
1958
74
1960
489
1962
1353
1964
573
1966
456
1968
1969
1970
240
1972
1973
1974
1975
1976
576
1978
667
1980
1981
1535
1983
1984
1985
1986
1987
1988
1989
1990
822
1992
454
1007
1995
1996
1053
1998
1999
