1 10000.0 4.5012360849021245e-05 -1.2345748005851766e-06 5.646603832604499e-06 500
91
326
2
3
289
178
263
428
15
125
287
164
12
138
111
303
16
18
360
384
20
325
466
203
470
486
171
89
399
416
481
232
32
33
34
183
401
449
38
39
462
361
96
151
117
45
400
47
150
436
174
467
435
294
108
55
56
57
58
252
104
257
62
489
177
256
66
317
68
415
70
155
72
497
74
75
76
472
78
79
80
81
6
23
19
322
86
87
88
82
268
0
334
197
426
439
182
106
160
99
308
211
149
459
7
105
133
266
54
109
110
315
112
113
277
115
244
344
118
485
122
121
328
405
432
279
188
127
156
120
130
207
132
273
267
135
229
350
13
345
246
206
142
143
131
145
146
363
148
452
158
299
152
285
67
241
271
442
313
292
201
184
162
406
498
343
351
169
161
37
24
380
288
447
254
210
176
382
460
73
180
77
414
35
367
306
186
187
431
231
222
461
5
193
225
195
250
408
175
199
200
463
185
139
204
381
85
417
59
90
93
101
377
480
214
456
234
262
371
369
220
221
216
223
224
429
226
144
228
11
230
61
445
233
321
235
236
237
238
239
376
337
419
243
29
192
423
247
36
310
282
251
124
477
438
353
65
492
264
259
43
126
26
219
84
375
154
134
209
269
270
22
48
451
300
275
276
319
278
255
28
1
357
283
165
153
483
430
172
4
265
147
159
293
490
44
296
258
298
92
274
301
302
478
340
179
413
307
100
309
60
311
51
191
314
297
316
123
9
114
320
190
218
495
333
383
281
327
496
329
420
475
167
324
260
64
83
71
338
339
437
479
342
284
482
196
385
347
468
388
128
166
352
318
331
107
389
136
358
359
403
21
362
398
341
332
366
168
52
249
181
473
372
354
374
330
240
69
378
379
291
205
335
102
370
94
213
427
440
356
390
189
392
393
50
395
396
397
137
280
46
198
8
17
404
402
290
407
248
409
410
245
412
368
441
391
116
425
418
242
163
421
41
14
488
433
97
387
202
194
40
261
208
349
434
422
49
450
272
95
454
31
394
443
444
215
446
336
448
365
304
346
157
453
212
227
30
457
458
355
27
411
10
98
464
465
286
173
119
469
217
471
312
141
373
386
476
170
42
364
474
455
295
140
484
348
25
487
424
63
53
491
103
493
494
323
253
305
129
499
