1 10000.0 4.5012360849021245e-05 -1.2345748005851766e-06 5.646603832604499e-06 500
0
1
2
3
4
178
6
263
8
9
10
11
12
138
111
15
16
17
360
384
20
325
466
23
171
486
26
422
399
29
30
445
32
33
34
183
408
169
38
39
462
361
182
43
44
45
46
47
48
49
150
170
52
294
54
55
56
57
58
59
60
61
62
63
64
65
66
317
68
69
70
155
72
73
74
75
76
77
78
79
80
81
82
83
19
85
86
87
88
89
90
91
334
93
426
439
96
94
98
99
308
101
102
459
104
105
106
107
108
109
110
24
112
113
114
115
116
344
118
119
328
121
122
123
208
318
126
127
128
164
130
131
132
133
267
135
357
137
13
203
246
141
142
143
144
145
146
291
148
21
50
299
152
153
377
196
350
157
158
159
201
168
162
420
129
165
166
332
161
37
315
363
172
71
254
175
176
335
460
179
180
472
414
35
184
185
186
187
188
103
190
191
192
193
194
195
250
197
198
199
200
160
428
139
204
381
322
207
124
268
210
211
478
213
214
441
216
217
218
7
220
221
222
223
224
225
226
227
228
229
230
231
232
233
234
235
236
237
238
239
240
241
242
243
244
245
22
247
248
249
467
251
252
253
174
353
256
492
258
259
260
261
262
219
264
406
154
134
209
269
270
271
438
273
300
275
276
277
278
279
280
281
282
283
343
285
483
40
288
289
290
147
292
293
490
295
296
370
298
92
274
301
302
303
340
305
306
307
100
309
310
311
312
394
314
297
316
402
125
319
320
321
473
495
324
149
326
327
120
329
330
331
167
333
151
177
447
337
338
339
437
341
342
284
117
345
346
347
348
349
156
351
352
255
373
355
356
136
358
359
18
41
362
398
479
365
366
367
368
369
181
371
372
354
374
375
376
266
378
379
380
205
382
383
84
451
475
387
388
389
390
391
392
393
313
395
396
397
14
28
400
401
67
403
404
405
265
407
36
409
410
411
412
435
42
415
416
417
418
419
163
421
27
423
424
433
97
427
202
429
430
431
432
425
434
413
436
304
272
95
440
215
442
443
444
31
446
336
448
449
450
385
452
453
454
455
456
457
458
189
5
461
287
463
464
465
286
173
485
469
470
471
51
206
474
386
476
477
212
364
480
481
482
140
484
468
25
487
488
489
53
491
257
493
494
323
496
497
498
499
