1 10000.0 4.5012360849021245e-05 -1.2345748005851766e-06 5.646603832604499e-06 500
361
302
250
3
289
147
317
174
15
79
58
164
240
138
291
303
156
18
360
404
20
325
466
166
455
122
371
176
399
81
481
171
268
33
114
183
401
208
38
39
264
91
294
65
145
45
258
47
196
362
428
377
435
96
108
351
470
493
12
254
104
265
62
22
177
425
312
482
68
218
70
152
72
162
19
94
463
139
485
125
80
95
6
169
29
322
44
224
259
462
244
0
167
35
426
83
182
491
383
278
350
461
469
459
388
105
337
266
54
97
89
315
251
113
262
445
32
344
449
78
486
121
328
442
432
194
465
127
82
17
130
370
387
245
52
135
219
384
414
410
146
206
142
143
131
201
217
363
148
279
295
299
109
285
281
241
271
356
313
292
231
184
55
406
498
343
497
282
297
37
24
173
288
447
86
210
110
382
275
102
420
77
318
197
367
306
186
187
431
211
464
439
336
193
436
195
66
92
175
199
2
76
98
472
57
381
85
417
59
90
192
101
304
480
390
424
234
144
429
151
276
221
216
223
87
56
226
277
228
11
230
448
400
233
321
405
236
237
238
239
376
13
419
342
74
93
423
215
36
310
14
103
10
477
438
353
437
5
222
88
409
126
161
349
84
375
154
134
209
269
331
489
300
365
48
460
467
319
413
255
28
1
357
283
165
153
483
326
141
4
263
178
159
479
490
454
296
115
298
335
368
301
334
478
203
179
252
307
100
309
23
311
457
191
314
42
316
123
9
34
320
25
155
495
333
99
67
327
496
329
180
475
430
324
260
64
112
71
338
339
243
293
416
284
471
150
385
347
468
7
128
246
352
133
270
107
440
136
40
359
396
21
232
398
341
332
444
168
267
249
181
473
372
242
158
330
287
69
378
379
407
188
408
73
207
75
213
427
453
220
214
106
272
248
50
395
124
16
41
280
46
198
8
120
189
402
364
111
60
43
380
273
412
30
441
391
487
256
418
354
163
421
119
200
488
433
394
132
202
225
358
261
118
229
434
422
49
450
392
369
415
172
452
443
366
247
446
492
61
451
235
346
157
389
212
227
274
51
458
355
27
411
308
185
26
205
286
53
190
149
374
257
393
31
373
386
476
170
397
290
474
117
340
140
484
348
137
116
456
63
345
403
160
204
494
323
253
305
129
499
